1,1,0,1761,1445
19,1,0,2428,1438
19,19,0,2430,812
1,19,0,1761,809
1,6,0,1761,1257
1,9,0,1761,1145
1,11,0,1761,1069
1,13,0,1762,996
4,1,0,1874,1440
9,1,0,2060,1442
15,1,0,2281,1441
19,1,0,2428,1440
19,5,0,2429,1290
19,10,0,2429,1106
10,19,0,2101,809
1,0,19,1768,1637
19,0,19,2626,1628
19,0,13,2550,1569
1,0,13,1766,1581
1,0,10,1765,1550
1,0,12,1765,1569
1,0,14,1765,1583
1,0,16,1766,1602
4,0,16,1906,1601
6,0,16,1998,1600
8,0,16,2098,1602
19,0,8,2501,1530
19,0,10,2520,1546
19,0,12,2541,1562
9,0,1,2065,1484