1,1,0,1066,1514
19,1,0,1737,1479
19,19,0,1764,872
1,19,0,1087,850
1,6,0,1077,1202
1,9,0,1079,1124
1,11,0,1082,1048
1,13,0,1082,1007
4,1,0,1186,1506
9,1,0,1380,1496
15,1,0,1600,1487
19,1,0,1738,1480
19,5,0,1745,1336
19,10,0,1753,1159
10,19,0,1443,860
1,0,19,1182,1771
19,0,19,2005,1702
19,0,13,1905,1633
1,0,13,1540,1658
1,0,10,1413,1668
1,0,12,1139,1687
1,0,14,1153,1655
1,0,16,1167,1738
4,0,16,1304,1714
6,0,16,1398,1708
8,0,16,1488,1702
19,0,8,1834,1583
19,0,10,1858,1601
19,0,12,1891,1623
9,0,1,1387,1541